source: UN IGME via UNICEF SDMX (CME dataflow), sex _T, accessed 2026-10-06; CME_MRY0=infant mortality, CME_MRM0=neonatal; per 1000 live births; years 2000..2024
ARG|CME_MRM0|11.04,11.03,10.76,10.20,9.58,9.11,8.78,8.45,8.09,7.77,7.60,7.52,7.44,7.30,7.08,6.80,6.51,6.30,6.19,6.12,6.04,5.90,5.68,5.37,5.07
ARG|CME_MRY0|16.71,16.24,15.80,15.35,14.88,14.42,13.99,13.59,13.23,12.85,12.40,11.90,11.39,10.88,10.43,10.03,9.69,9.40,9.14,8.91,8.71,8.53,8.36,8.20,8.02
BHS|CME_MRM0|7.87,8.04,8.24,8.43,8.58,8.70,8.74,8.69,8.57,8.41,8.24,8.13,8.10,8.19,8.38,8.65,8.96,9.24,9.44,9.75,9.60,9.55,9.41,9.22,8.99
BHS|CME_MRY0|13.72,13.86,14.06,14.26,14.41,14.46,14.41,14.24,13.99,13.71,13.41,13.12,12.87,12.64,12.45,12.28,12.17,12.08,12.00,16.00,11.85,11.73,11.56,11.34,11.09
BLZ|CME_MRM0|12.11,11.73,11.33,10.91,10.47,10.04,9.69,9.56,9.69,10.00,10.41,10.79,11.00,10.97,10.78,10.50,10.21,9.95,9.76,9.62,9.53,9.47,9.41,9.33,9.21
BLZ|CME_MRY0|19.61,18.94,18.37,17.87,17.44,17.08,16.75,16.45,16.17,15.87,15.53,15.13,14.68,14.16,13.62,13.07,12.55,12.09,11.69,11.37,11.14,10.98,10.89,10.85,10.79
BOL|CME_MRM0|27.86,26.70,25.65,24.63,23.64,22.64,21.68,20.74,19.82,18.93,17.99,16.82,15.73,14.72,13.76,12.83,11.99,11.19,10.44,9.74,9.11,8.55,8.09,7.69,7.34
BOL|CME_MRY0|57.18,53.98,50.91,48.01,45.22,42.59,40.09,37.72,35.50,33.42,31.49,29.72,28.03,26.42,24.89,23.46,22.09,20.80,19.57,18.42,17.36,16.40,15.58,14.87,14.23
BRA|CME_MRM0|18.06,17.15,16.28,15.45,14.64,13.89,13.20,12.58,12.04,11.54,11.10,10.68,10.29,9.96,9.72,9.53,10.05,9.21,9.14,9.17,9.16,8.89,8.28,7.60,7.12
BRA|CME_MRY0|29.15,27.33,25.60,23.98,22.44,21.02,19.73,18.59,17.58,16.71,15.97,15.33,14.81,14.37,14.01,13.72,14.58,13.27,13.10,12.94,12.81,12.68,12.57,12.43,12.26
BRB|CME_MRM0|8.96,9.06,9.22,9.41,9.59,9.77,9.87,9.89,9.83,9.72,9.58,9.43,9.30,9.14,8.96,8.75,8.51,8.26,8.03,7.80,7.54,7.31,7.07,6.83,6.63
BRB|CME_MRY0|12.96,13.13,13.30,13.44,13.51,13.49,13.39,13.24,13.05,12.86,12.69,12.52,12.37,12.19,11.99,11.74,11.46,11.18,10.87,10.56,10.24,9.94,9.64,9.36,9.05
CAN|CME_MRM0|3.75,3.80,3.87,3.94,3.96,3.93,3.85,3.80,3.78,3.77,3.75,3.72,3.68,3.64,3.59,3.54,3.49,3.46,3.46,3.47,3.47,3.47,3.45,3.42,3.39
CAN|CME_MRY0|5.27,5.26,5.27,5.28,5.27,5.25,5.20,5.15,5.09,5.03,4.97,4.90,4.84,4.77,4.71,4.65,4.59,4.55,4.52,4.51,4.52,4.55,4.61,4.67,4.72
CHL|CME_MRM0|5.73,5.49,5.32,5.28,5.35,5.45,5.47,5.41,5.36,5.33,5.32,5.30,5.27,5.25,5.24,5.23,5.23,5.18,5.02,4.75,4.53,4.47,4.54,4.64,4.68
CHL|CME_MRY0|9.16,8.70,8.28,7.98,7.82,7.74,7.66,7.60,7.56,7.53,7.49,7.40,7.26,7.10,6.95,6.80,6.68,6.53,6.31,6.04,5.83,5.79,5.86,5.89,5.80
COL|CME_MRM0|13.50,13.08,12.69,12.33,11.99,11.66,11.32,10.98,10.65,10.31,9.98,9.64,9.33,9.03,8.73,8.45,8.18,7.90,7.66,7.41,7.19,6.94,6.70,6.48,6.26
COL|CME_MRY0|21.59,20.97,20.37,19.81,19.27,18.74,18.22,17.71,17.20,16.70,16.19,15.72,15.25,14.78,14.32,13.89,13.47,13.05,12.65,12.25,11.88,11.52,11.16,10.82,10.49
CRI|CME_MRM0|7.62,7.46,7.30,7.19,7.13,7.09,7.00,6.89,6.77,6.67,6.60,6.52,6.44,6.36,6.27,6.20,6.15,6.14,6.17,6.24,6.36,6.55,6.79,7.05,7.30
CRI|CME_MRY0|11.21,10.79,10.42,10.13,9.91,9.75,9.63,9.53,9.41,9.25,9.04,8.78,8.50,8.22,7.98,7.80,7.70,7.70,7.77,7.91,8.11,8.34,8.59,8.85,9.08
CUB|CME_MRM0|4.14,4.04,3.89,3.70,3.48,3.27,3.14,3.06,2.99,2.91,2.83,2.74,2.66,2.60,2.57,2.57,2.61,2.71,2.89,3.17,3.49,3.80,4.05,4.20,4.26
CUB|CME_MRY0|6.80,6.52,6.27,6.03,5.80,5.60,5.40,5.24,5.09,4.98,4.88,4.81,4.77,4.76,4.79,4.85,4.94,5.07,5.24,5.44,5.67,5.94,6.23,6.53,6.81
DOM|CME_MRM0|22.93,22.87,22.83,22.86,22.93,23.05,23.25,23.46,23.65,23.81,23.95,24.08,24.19,24.26,24.31,24.36,24.41,24.39,24.23,23.91,23.47,22.99,22.47,21.82,21.24
DOM|CME_MRY0|33.45,32.72,32.10,31.65,31.26,30.98,30.75,30.62,30.54,30.51,30.53,30.55,30.65,30.77,30.90,31.02,31.16,31.22,31.13,30.85,30.39,29.77,29.15,28.44,27.71
ECU|CME_MRM0|14.15,13.38,12.74,12.17,11.65,11.17,10.70,10.27,9.85,9.41,9.00,8.60,8.20,7.85,7.53,7.27,7.09,6.97,6.95,6.99,7.07,7.15,7.15,7.09,6.99
ECU|CME_MRY0|24.13,22.93,21.88,21.00,20.22,19.50,18.81,18.11,17.40,16.69,15.99,15.28,14.60,13.97,13.40,12.92,12.52,12.18,11.90,11.68,11.49,11.32,11.19,11.07,10.95
GTM|CME_MRM0|21.07,20.47,19.90,19.37,18.85,18.39,17.95,17.52,17.10,16.56,15.94,15.30,14.68,14.08,13.50,12.99,12.52,12.07,11.64,11.24,10.86,10.48,10.10,9.76,9.45
GTM|CME_MRY0|40.70,39.22,37.78,36.45,35.14,33.87,32.65,31.45,30.29,29.15,28.04,26.97,25.95,24.94,24.00,23.12,22.32,21.58,20.84,20.18,19.53,18.91,18.29,17.72,17.19
GUY|CME_MRM0|27.19,26.66,26.15,25.70,25.27,24.85,24.45,24.03,23.63,23.23,22.84,22.50,22.04,21.51,20.96,20.31,19.71,19.14,18.54,17.98,17.45,16.87,16.33,15.79,15.28
GUY|CME_MRY0|41.48,40.55,39.68,38.78,38.03,37.30,36.61,35.95,35.31,34.64,34.05,33.44,32.77,32.09,31.32,30.44,29.61,28.79,27.93,27.13,26.30,25.53,24.76,23.95,23.24
HND|CME_MRM0|17.93,17.41,16.85,16.35,15.90,15.51,15.16,14.80,14.43,14.04,13.63,13.19,12.76,12.32,11.89,11.47,11.06,10.67,10.31,9.95,9.61,9.28,8.96,8.67,8.40
HND|CME_MRY0|29.62,28.41,27.25,26.13,25.08,24.10,23.19,22.32,21.53,20.79,20.09,19.42,18.79,18.19,17.60,17.01,16.46,15.91,15.40,14.93,14.46,14.01,13.58,13.17,12.75
HTI|CME_MRM0|29.54,29.15,28.99,29.01,29.05,29.05,28.97,28.82,28.58,28.34,29.12,27.94,27.70,27.42,27.09,26.70,26.25,25.83,25.44,25.02,24.52,24.00,23.61,23.12,22.63
HTI|CME_MRY0|71.06,68.77,66.71,64.87,63.24,61.76,60.42,59.14,57.96,56.76,79.29,54.38,53.23,52.04,50.87,49.71,48.48,47.24,46.03,44.73,43.63,42.50,41.29,40.09,38.99
JAM|CME_MRM0|15.97,15.73,15.53,15.40,15.32,15.29,15.27,15.26,15.20,15.12,15.04,14.94,14.83,14.69,14.52,14.30,14.10,13.99,14.03,14.12,14.17,14.13,14.03,13.87,13.65
JAM|CME_MRY0|18.47,18.02,17.68,17.47,17.35,17.32,17.34,17.38,17.39,17.39,17.38,17.34,17.31,17.26,17.22,17.16,17.14,17.16,17.21,17.24,17.21,17.11,16.93,16.69,16.39
MEX|CME_MRM0|13.94,12.96,11.95,10.99,10.15,9.51,9.12,8.98,9.00,9.00,8.91,8.78,8.65,8.56,8.49,8.47,8.61,8.95,9.33,9.49,9.36,9.08,8.78,8.49,8.23
MEX|CME_MRY0|23.96,22.92,21.94,21.04,20.25,19.55,18.91,18.35,17.85,17.39,16.97,16.56,16.16,15.79,15.41,15.05,14.71,14.38,14.05,13.73,13.42,13.10,12.76,12.42,12.08
PAN|CME_MRM0|12.52,12.04,11.58,11.11,10.65,10.17,9.76,9.37,8.99,8.64,8.29,7.97,7.70,7.47,7.32,7.28,7.33,7.41,7.49,7.57,7.59,7.45,6.95,6.13,5.30
PAN|CME_MRY0|20.50,19.91,19.30,18.68,18.05,17.44,16.86,16.32,15.81,15.33,14.91,14.53,14.23,13.96,13.77,13.63,13.48,13.26,12.94,12.57,12.23,11.98,11.86,11.89,11.97
PER|CME_MRM0|16.13,15.23,14.33,13.58,12.92,12.30,11.70,11.11,10.59,10.13,9.71,9.32,8.96,8.65,8.39,8.18,8.00,7.84,7.67,7.50,7.32,7.13,6.92,6.72,6.52
PER|CME_MRY0|30.06,27.84,25.88,24.17,22.66,21.33,20.14,19.07,18.11,17.26,16.49,15.79,15.19,14.66,14.20,13.79,13.44,13.12,12.82,12.52,12.24,11.94,11.62,11.30,10.98
PRY|CME_MRM0|17.98,17.56,17.11,16.69,16.27,15.82,15.40,14.97,14.55,14.12,13.70,13.24,12.85,12.45,12.08,11.72,11.31,10.93,10.52,10.18,9.84,9.52,9.20,8.90,8.59
PRY|CME_MRY0|28.72,28.09,27.47,26.92,26.36,25.75,25.13,24.50,23.82,23.16,22.50,21.85,21.20,20.59,19.98,19.31,18.69,18.14,17.57,17.05,16.51,16.01,15.52,15.01,14.53
SLV|CME_MRM0|14.50,13.64,12.84,12.11,11.43,10.79,10.20,9.67,9.18,8.72,8.28,7.88,7.49,7.10,6.74,6.40,6.09,5.81,5.53,5.28,5.05,4.85,4.66,4.50,4.34
SLV|CME_MRY0|26.44,24.97,23.62,22.34,21.15,20.03,19.00,18.05,17.17,16.37,15.63,14.93,14.28,13.68,13.12,12.56,12.04,11.53,11.07,10.64,10.22,9.84,9.49,9.16,8.84
SUR|CME_MRM0|16.92,16.87,16.93,17.01,16.99,16.84,16.58,16.24,15.80,15.33,14.87,14.40,14.01,13.64,13.29,12.91,12.49,12.12,11.77,11.40,11.04,10.67,10.32,9.99,9.67
SUR|CME_MRY0|27.35,26.49,25.75,25.02,24.36,23.75,23.18,22.63,22.11,21.62,21.17,20.74,20.31,19.88,19.45,19.01,18.57,18.04,17.58,17.11,16.64,16.17,15.64,15.19,14.76
TTO|CME_MRM0|19.77,19.53,19.27,19.02,18.74,18.44,18.15,17.83,17.52,17.20,16.89,16.61,16.34,16.06,15.77,15.46,15.17,14.87,14.58,14.30,14.01,13.70,13.36,12.98,12.64
TTO|CME_MRY0|26.25,25.92,25.59,25.21,24.84,24.45,24.06,23.66,23.28,22.92,22.49,22.09,21.69,21.32,20.94,20.57,20.23,19.88,19.52,19.16,18.83,18.43,17.99,17.52,17.02
URY|CME_MRM0|8.47,8.37,8.23,8.03,7.72,7.29,6.75,6.14,5.53,5.08,4.90,4.93,5.00,5.03,5.03,4.99,4.93,4.88,4.85,4.77,4.61,4.39,4.21,4.10,4.05
URY|CME_MRY0|14.71,14.33,13.98,13.59,13.08,12.42,11.67,10.92,10.23,9.66,9.21,8.85,8.54,8.22,7.88,7.51,7.13,6.77,6.47,6.25,6.12,6.07,6.09,6.13,6.17
USA|CME_MRM0|4.63,4.65,4.65,4.61,4.54,4.48,4.42,4.34,4.23,4.14,4.09,4.07,4.05,4.02,3.96,3.89,3.82,3.78,3.77,3.74,3.64,3.52,3.48,3.55,3.65
USA|CME_MRY0|7.12,7.03,6.96,6.90,6.83,6.76,6.68,6.59,6.47,6.35,6.23,6.11,6.01,5.92,5.83,5.76,5.69,5.62,5.57,5.52,5.50,5.49,5.49,5.49,5.48
